170.023888888887
167.643554444443
167.643554444443
167.643554444443
166.62341111111
166.62341111111
166.62341111111
165.943315555554
162.576842555554
162.576842555554
162.576842555554
160.536555888888
159.176364777776
159.176364777776
159.176364777776
157.13607811111
155.775886999999
155.435839222221
155.435839222221
153.735600333332
152.375409222221
152.035361444443
152.035361444443
150.335122555554
148.974931444443
148.328840666665
148.328840666665
146.968649555554
146.968649555554
144.928362888888
144.928362888888
142.888076222221
142.888076222221
141.52788511111
141.52788511111
139.827646222221
139.827646222221
138.127407333332
137.447311777777
136.427168444443
136.427168444443
134.760934333332
134.080838777777
132.04055211111
132.04055211111
131.360456555554
131.360456555554
128.640074333332
128.640074333332
127.959978777777
127.279883222221
125.91969211111
125.91969211111
124.559500999999
124.219453222221
122.519214333332
122.519214333332
121.159023222221
120.512932444443
119.152741333332
119.152741333332
118.472645777777
117.112454666666
115.752263555555
115.072167999999
115.072167999999
113.711976888888
112.351785777777
112.011737999999
112.011737999999
110.31149911111
108.951307999999
108.611260222221
108.611260222221
106.911021333332
105.584834999999
104.564691666666
104.564691666666
103.544548333332
102.184357222221
100.82416611111
100.82416611111
100.144070555555
99.4639749999991
98.103783888888
98.103783888888
96.7435927777769
95.3834016666658
94.7033061111103
94.0232105555547
93.3431149999992
93.0030672222214
91.3368331111103
89.9766419999992
89.9766419999992
88.9564986666659
87.9363553333326
87.256259777777
86.5761642222215
85.8960686666659
84.5358775555548
83.8557819999993
83.1756864444437
81.4754475555549
81.1353997777771
80.7953519999993
80.7953519999993
78.1089745555549
77.7689267777771
77.0888312222216
77.0888312222216
75.7286401111105
74.3684489999993
73.0082578888882
73.0082578888882
71.6480667777772
70.9679712222216
70.2878756666661
70.2878756666661
68.2475889999994
67.5674934444439
66.2073023333328
66.2073023333328
65.1871589999994
65.1871589999994
62.8408293333328
62.500781555555
61.4806382222217
61.4806382222217
60.1204471111106
60.1204471111106
57.0600171111106
57.0600171111106
56.7199693333328
55.3597782222217
54.3396348888884
54.3396348888884
53.3194915555551
51.959300444444
50.2930663333329
50.2930663333329
49.9530185555551
48.592827444444
47.9127318888885
47.9127318888885
46.5525407777774
45.1923496666663
44.5122541111107
43.1520629999996
43.1520629999996
42.1319196666663
41.111776333333
39.7515852222219
39.7515852222219
38.051346333333
37.7112985555552
37.0312029999997
36.3851122222219
34.684873333333
34.3448255555553
32.9846344444442
32.9846344444442
31.2843955555553
30.9443477777775
29.2441088888886
29.2441088888886
27.5438699999998
27.5438699999998
25.8436311111109
25.8436311111109
24.143392222222
24.143392222222
22.4771581111109
22.4771581111109
20.776919222222
20.776919222222
19.0766803333332
19.0766803333332
17.3764414444443
17.3764414444443
15.6762025555554
15.3361547777776
14.9961069999999
14.9961069999999
13.295868111111
11.9356769999999
10.235438111111
10.235438111111
9.89539033333325
9.89539033333325
6.86896511111105
6.86896511111105
6.52891733333328
5.16872622222218
3.12843955555553
3.12843955555553
2.44834399999998
1.42820066666665
0.40805733333333
0.40805733333333
0
0
0
0
0
0
0
0
0
0
0
0
0
0
0
0
0
0
0
0
0
0
0
0
0
0
0
0
0
0
0
0
0
0
0
0
0
0
0
0
0
0
0
0
0
0
0
0
0
0
0
0
0
0
0
0
0
0
0
0
0
0
0
0
0
0
0
0
0
0
0
0
0
0
0
0
0
0
0
0
0
0
0
0
0
0
0
0
0
0
0
0
0
0
0
0
0
0
0
0
0
0
0
0
0
0
0
0
0
0
0
0
0
0
0
0
0
0
0
0
0
0
0
0
0
0
0
0
0
0
0
0
0
0
0
0
0
0
0
0
0
0
0
0
0
0
0
0
0
0
0
0
0
0
0
0
0
0
0
0
0
0
0
0
0
0
0
0
0
0
0
0
0
0
0
0
0
0
0
0
0
0
0
0
0
0
0
0
0
0
0
0
0
0
0
0
0
0
0
0
0
0.068009555555555
0.068009555555555
0.068009555555555
0.068009555555555
0.068009555555555
0.068009555555555
0.068009555555555
0.068009555555555
0.068009555555555
0.068009555555555
0.068009555555555
0.068009555555555
0.068009555555555
0.068009555555555
0.068009555555555
0.068009555555555
0.40805733333333
0.748105111111105
0.748105111111105
1.08815288888888
1.08815288888888
1.08815288888888
1.08815288888888
1.08815288888888
1.08815288888888
2.1082962222222
2.1082962222222
2.1082962222222
2.1082962222222
2.44834399999998
2.44834399999998
2.44834399999998
4.48863066666663
4.48863066666663
4.8286784444444
4.8286784444444
5.50877399999995
6.1888695555555
6.52891733333328
6.52891733333328
7.5490606666666
7.88910844444438
8.22915622222215
8.22915622222215
9.89539033333325
9.89539033333325
10.9155336666666
10.9155336666666
12.2757247777777
12.2757247777777
13.295868111111
13.295868111111
14.3160114444443
14.3160114444443
16.0162503333332
16.0162503333332
17.7164892222221
17.7164892222221
19.4167281111109
19.4167281111109
21.1169669999998
21.1169669999998
22.7832011111109
22.7832011111109
24.8234877777776
24.8234877777776
26.1836788888887
26.1836788888887
28.2239655555553
28.2239655555553
29.5841566666664
30.9443477777775
32.9846344444442
32.9846344444442
34.0047777777775
35.7050166666664
37.7112985555552
37.7112985555552
39.0714896666663
41.111776333333
42.8120152222218
43.1520629999996
44.172206333333
46.5525407777774
48.2527796666662
49.6129707777773
49.6129707777773
52.6393959999996
53.9995871111106
56.0398737777773
56.0398737777773
59.440351555555
61.1405904444439
63.1808771111106
63.1808771111106
66.5473501111105
67.9075412222216
71.3080189999994
71.3080189999994
75.0485445555549
76.0686878888882
79.4351608888882
79.4351608888882
82.8356386666659
85.2159731111104
89.6365942222214
89.6365942222214
91.3368331111103
93.3431149999992
98.4438316666658
98.4438316666658
99.1239272222214
102.524404999999
105.924882777777
105.924882777777
106.911021333332
109.971451333332
112.691833555555
113.37192911111
114.052024666666
116.772406888888
119.152741333332
120.852980222221
120.852980222221
123.879405444443
125.239596555554
125.91969211111
125.91969211111
129.320169888888
130.340313222221
132.04055211111
132.04055211111
134.760934333332
134.760934333332
136.767216222221
136.767216222221
139.487598444443
139.827646222221
141.52788511111
141.52788511111
143.568171777777
143.568171777777
145.948506222221
145.948506222221
147.64874511111
147.64874511111
149.314979222221
149.655026999999
151.355265888888
151.355265888888
152.715456999999
153.055504777776
154.415695888888
154.415695888888
155.435839222221
156.115934777776
157.13607811111
157.13607811111
158.156221444443
158.156221444443
159.856460333332
159.856460333332
160.19650811111
160.876603666665
162.236794777776
162.236794777776
162.576842555554
163.222933333332
163.903028888887
164.243076666665
164.243076666665
164.923172222221
165.603267777776
165.943315555554
165.943315555554
165.943315555554
166.963458888887
167.303506666665
167.303506666665
167.643554444443
167.643554444443
167.643554444443
167.643554444443
168.663697777776
168.663697777776
168.663697777776
168.663697777776
168.663697777776
169.003745555554
169.003745555554
169.003745555554
169.003745555554
169.003745555554
169.003745555554
169.003745555554
169.003745555554
169.68384111111
169.68384111111
170.023888888887
170.023888888887
170.023888888887
170.023888888887
170.023888888887
170.023888888887
170.023888888887
170.023888888887
170.023888888887
170.023888888887
170.023888888887
170.023888888887
170.023888888887
170.023888888887
170.023888888887
170.023888888887
170.023888888887
170.023888888887
170.023888888887
170.023888888887
170.023888888887
170.023888888887
170.023888888887
170.023888888887
170.023888888887
170.023888888887
170.023888888887
170.023888888887
170.023888888887
170.023888888887
170.023888888887
170.023888888887
170.023888888887
170.023888888887
170.023888888887
170.023888888887
170.023888888887
170.023888888887
170.023888888887
170.023888888887
170.023888888887
170.023888888887
170.023888888887
170.023888888887
170.023888888887
170.023888888887
170.023888888887
170.023888888887
170.023888888887
170.023888888887
170.023888888887
170.023888888887
170.023888888887
170.023888888887
170.023888888887
170.023888888887
170.023888888887
170.023888888887
170.023888888887
170.023888888887
170.023888888887
170.023888888887
170.023888888887
170.023888888887
170.023888888887
170.023888888887
170.023888888887
170.023888888887
170.023888888887
170.023888888887
170.023888888887
170.023888888887
170.023888888887
170.023888888887
170.023888888887
170.023888888887
170.023888888887
170.023888888887
170.023888888887
170.023888888887
170.023888888887
170.023888888887
170.023888888887
170.023888888887
170.023888888887
170.023888888887
170.023888888887
170.023888888887
170.023888888887
170.023888888887
170.023888888887
170.023888888887
170.023888888887
170.023888888887
170.023888888887
170.023888888887
170.023888888887
170.023888888887
170.023888888887
170.023888888887
170.023888888887
170.023888888887
170.023888888887
170.023888888887
170.023888888887
170.023888888887
170.023888888887
170.023888888887
170.023888888887
170.023888888887
170.023888888887
170.023888888887
170.023888888887
170.023888888887
170.023888888887
170.023888888887
170.023888888887
170.023888888887
170.023888888887
170.023888888887
170.023888888887
170.023888888887
170.023888888887
170.023888888887
170.023888888887
170.023888888887
170.023888888887
170.023888888887
170.023888888887
170.023888888887
170.023888888887
170.023888888887
170.023888888887
170.023888888887
170.023888888887
170.023888888887
170.023888888887
170.023888888887
170.023888888887
170.023888888887
170.023888888887
170.023888888887
170.023888888887
170.023888888887
170.023888888887
170.023888888887
170.023888888887
170.023888888887
170.023888888887
170.023888888887
170.023888888887
170.023888888887
170.023888888887
170.023888888887
170.023888888887
170.023888888887
170.023888888887
170.023888888887
170.023888888887
170.023888888887
170.023888888887
170.023888888887
170.023888888887
170.023888888887
170.023888888887
170.023888888887
170.023888888887
170.023888888887
170.023888888887
170.023888888887
170.023888888887
170.023888888887
170.023888888887
170.023888888887
170.023888888887
170.023888888887
170.023888888887
170.023888888887
170.023888888887
170.023888888887
170.023888888887
170.023888888887
170.023888888887
170.023888888887
170.023888888887
170.023888888887
170.023888888887
170.023888888887
170.023888888887
170.023888888887
170.023888888887
170.023888888887
170.023888888887
170.023888888887
170.023888888887
170.023888888887
170.023888888887
170.023888888887
170.023888888887
170.023888888887
170.023888888887
